-0.633912,0.601745,0.483776,-0.292085,0.528670,-0.377298,0.561145,-0.232866,0.475245,-0.385225,0.564785,-0.139195,23.48,40.88,100889.28,99.0,0.01,3.91,644.3,1,1,1,1,5,6,6.190991,6,6,0.45,AA-99-80-85,65,5,-1,-17,-19,-18,-19,-17,-11,6,-5,-19,-20,-20,-20,-17,-3,5,-13,-20,-20,-20,-20,-15,-2,-2,-19,-20,-20,-20,-20,-20,-2,-16,-20,-20,-20,-20,-20,-17,-1,-18,-20,-20,-20,-20,-20,-6,2,-18,-20,-20,-20,-20,-16,0,2,-13,-17,-19,-20,-19,-11,1,3,200

-0.634239,0.601838,0.483780,-0.292180,0.527888,-0.377570,0.561262,-0.232177,0.475376,-0.384687,0.564246,-0.157313,23.48,41.10,100888.95,99.0,0.01,3.91,644.3,4,5,6,7,28,34,35.003796,35,35,0.58,AA-99-80-85,66,7,0,-16,-18,-18,-18,-17,-11,8,-3,-18,-20,-20,-20,-16,-2,7,-8,-20,-20,-20,-20,-15,-1,0,-18,-20,-20,-20,-20,-19,-1,-14,-20,-20,-20,-20,-20,-16,0,-17,-20,-20,-20,-20,-20,-6,2,-18,-19,-20,-20,-20,-15,0,1,-13,-16,-19,-19,-19,-11,1,3,154

-0.634009,0.601645,0.484092,-0.292182,0.528777,-0.377127,0.560798,-0.232271,0.474408,-0.384148,0.564995,-0.148577,23.41,41.10,100888.95,99.0,0.01,3.91,644.3,2,7,11,13,2,10,15.067701,16,16,1.14,AA-99-80-85,67,7,0,-16,-17,-19,-19,-17,-11,8,-4,-18,-19,-20,-19,-15,-2,7,-10,-20,-20,-20,-20,-15,-1,0,-18,-20,-20,-20,-20,-19,-2,-14,-20,-20,-20,-20,-20,-17,-1,-18,-20,-20,-20,-20,-20,-6,2,-18,-19,-20,-20,-20,-14,0,1,-12,-17,-18,-20,-19,-10,1,3,26

-0.634118,0.602959,0.484053,-0.292078,0.528962,-0.377492,0.560600,-0.232798,0.473505,-0.383021,0.564269,-0.151262,23.36,41.46,100889.28,99.0,0.01,3.91,644.3,0,0,0,0,0,0,0.000000,0,0,1.63,AA-99-80-85,68,6,-3,-16,-18,-18,-19,-17,-11,8,-5,-19,-20,-20,-20,-17,-2,7,-10,-20,-20,-20,-20,-15,-2,0,-18,-20,-20,-20,-20,-19,-2,-14,-20,-20,-20,-20,-20,-17,0,-17,-20,-20,-20,-20,-20,-6,1,-17,-19,-20,-20,-20,-15,0,1,-12,-17,-18,-19,-20,-11,2,3,35

-0.634191,0.602559,0.483684,-0.292206,0.528332,-0.377491,0.560730,-0.232694,0.473284,-0.383448,0.564059,-0.154573,23.26,41.65,100889.28,99.0,0.01,3.91,644.3,1,2,3,4,2,5,5.854297,6,6,1.28,AA-99-80-85,69,5,-13,-17,-17,-18,-17,-16,-11,8,-10,-19,-19,-20,-20,-17,-3,8,-7,-20,-20,-20,-20,-15,-1,10,-6,-20,-20,-20,-20,-19,-2,10,-4,-20,-20,-20,-20,-16,-1,9,-11,-19,-20,-20,-20,-6,1,-1,-17,-20,-20,-20,-14,0,2,-9,-15,-18,-19,-19,-10,1,3,185

-0.634158,0.602100,0.483997,-0.292526,0.528060,-0.377403,0.560541,-0.232723,0.473731,-0.383240,0.564195,-0.148234,23.22,41.76,100887.06,99.0,0.01,3.91,644.3,1,2,2,2,9,11,11.076080,11,11,0.75,AA-99-80-85,70,-19,-20,-20,-20,-20,-19,-18,-13,-20,-20,-20,-20,-20,-20,-17,-3,-20,-20,-20,-20,-20,-20,-16,-3,-20,-20,-20,-20,-20,-20,-20,-3,-20,-20,-20,-20,-20,-20,-18,-1,-20,-20,-20,-20,-20,-20,-7,0,-20,-20,-20,-20,-20,-16,0,1,-14,-18,-20,-20,-20,-12,1,1,201

-0.634000,0.602069,0.483924,-0.292397,0.527725,-0.377091,0.560436,-0.232547,0.473803,-0.383794,0.563666,-0.160315,23.17,41.84,100887.06,99.0,0.01,3.91,644.3,2,5,7,8,4,10,12.477447,13,13,1.12,AA-99-80-85,71,-19,-19,-20,-20,-20,-20,-18,-13,-20,-20,-20,-20,-20,-20,-18,-3,-20,-20,-20,-20,-20,-20,-17,-3,-20,-20,-20,-20,-20,-20,-20,-3,-20,-20,-20,-20,-20,-20,-19,-2,-20,-20,-20,-20,-20,-20,-8,1,-20,-20,-20,-20,-20,-16,0,0,-15,-18,-20,-20,-20,-12,0,2,168

-0.633662,0.601595,0.483625,-0.292192,0.528077,-0.377744,0.560529,-0.232746,0.473296,-0.383528,0.563609,-0.163913,23.17,41.89,100887.06,99.0,0.01,3.91,644.3,3,7,11,12,9,17,21.046516,22,22,1.18,AA-99-80-85,72,-20,-20,-20,-20,-20,-20,-19,-13,-20,-20,-20,-20,-20,-20,-18,-3,-20,-20,-20,-20,-20,-20,-16,-4,-20,-20,-20,-20,-20,-20,-20,-3,-20,-20,-20,-20,-20,-20,-18,-1,-20,-20,-20,-20,-20,-20,-8,0,-20,-20,-20,-20,-20,-17,-1,1,-14,-19,-20,-20,-20,-11,0,2,71

-0.633646,0.602484,0.483330,-0.291495,0.527692,-0.377664,0.560467,-0.232595,0.474598,-0.384386,0.563473,-0.147566,23.13,41.84,100887.28,100.0,0.01,3.91,644.3,2,5,8,9,3,9,11.909101,13,13,1.43,AA-99-80-85,73,-19,-20,-20,-20,-20,-20,-18,-12,-20,-20,-20,-20,-20,-20,-18,-3,-20,-20,-20,-20,-20,-20,-16,-2,-20,-20,-20,-20,-20,-20,-20,-3,-20,-20,-20,-20,-20,-20,-18,-1,-20,-20,-20,-20,-20,-20,-7,0,-20,-20,-20,-20,-20,-16,0,1,-14,-19,-20,-20,-20,-11,1,2,127

-0.633910,0.602159,0.483210,-0.291415,0.528138,-0.377484,0.560396,-0.232215,0.472991,-0.382438,0.563326,-0.144827,23.10,41.89,100887.06,100.0,0.01,3.91,644.3,1,1,2,2,2,4,4.562551,5,5,0.89,AA-99-80-85,74,-19,-20,-20,-20,-20,-20,-19,-12,-20,-20,-20,-20,-20,-20,-18,-4,-20,-20,-20,-20,-20,-20,-16,-2,-20,-20,-20,-20,-20,-20,-20,-3,-20,-20,-20,-20,-20,-20,-18,-1,-20,-20,-20,-20,-20,-20,-7,0,-20,-20,-20,-20,-20,-16,-1,0,-15,-19,-20,-20,-20,-12,0,1,44

-0.633494,0.601506,0.482923,-0.291888,0.528444,-0.377234,0.560669,-0.232820,0.472856,-0.381804,0.562831,-0.130987,23.02,41.96,100887.28,99.0,0.01,3.91,644.3,1,1,1,1,4,5,5.089437,5,5,0.53,AA-99-80-85,75,-19,-20,-20,-20,-20,-20,-18,-13,-20,-20,-20,-20,-20,-20,-18,-4,-20,-20,-20,-20,-20,-20,-16,-2,-20,-20,-20,-20,-20,-20,-20,-3,-20,-20,-20,-20,-20,-20,-19,-2,-20,-20,-20,-20,-20,-20,-7,0,-20,-20,-20,-20,-20,-16,-1,1,-14,-19,-20,-20,-20,-12,0,2,180

-0.632990,0.601200,0.483122,-0.291795,0.528077,-0.377191,0.560423,-0.231934,0.472188,-0.381470,0.562524,-0.151904,22.98,42.08,100887.28,99.0,0.01,3.91,644.3,3,4,4,4,20,25,25.210814,25,25,0.46,AA-99-80-85,76,-19,-20,-20,-20,-20,-20,-19,-13,-20,-20,-20,-20,-20,-20,-17,-3,-20,-20,-20,-20,-20,-20,-16,-2,-20,-20,-20,-20,-20,-20,-20,-3,-20,-20,-20,-20,-20,-20,-18,-1,-20,-20,-20,-20,-20,-20,-7,1,-20,-20,-20,-20,-20,-16,0,0,-14,-18,-20,-20,-20,-11,1,2,51

-0.633161,0.600666,0.482919,-0.291569,0.528530,-0.377137,0.560592,-0.232748,0.473294,-0.382602,0.562505,-0.141074,22.94,42.16,100885.08,99.0,0.01,3.91,644.3,2,11,18,22,0,7,15.087563,17,17,1.52,AA-99-80-85,77,-19,-20,-20,-20,-20,-20,-18,-14,-20,-20,-20,-20,-20,-20,-18,-3,-20,-20,-20,-20,-20,-20,-16,-2,-20,-20,-20,-20,-20,-20,-20,-3,-20,-20,-20,-20,-20,-20,-18,-1,-20,-20,-20,-20,-20,-20,-7,0,-20,-20,-20,-20,-20,-15,0,0,-14,-18,-20,-20,-20,-12,0,2,136

-0.633272,0.599906,0.482888,-0.291506,0.528835,-0.377105,0.560430,-0.232385,0.472387,-0.381516,0.562256,-0.135368,22.94,42.50,100882.50,99.0,0.01,3.91,644.3,2,5,8,9,3,9,11.658514,12,12,1.10,AA-99-80-85,78,-20,-20,-20,-20,-20,-20,-19,-13,-20,-20,-20,-20,-20,-20,-18,-3,-20,-20,-20,-20,-20,-20,-17,-3,-20,-20,-20,-20,-20,-20,-20,-3,-20,-20,-20,-20,-20,-20,-18,-2,-20,-20,-20,-20,-20,-20,-7,1,-20,-20,-20,-20,-20,-16,0,0,-14,-19,-20,-20,-20,-12,0,1,170

-0.633141,0.601605,0.482359,-0.291230,0.528067,-0.377747,0.560506,-0.232537,0.472214,-0.381588,0.562666,-0.143503,22.90,42.50,100885.08,99.0,0.01,3.91,644.3,4,9,13,15,13,24,28.311398,29,29,0.99,AA-99-80-85,79,-19,-20,-20,-20,-20,-20,-19,-13,-20,-20,-20,-20,-20,-20,-18,-4,-20,-20,-20,-20,-20,-20,-17,-3,-20,-20,-20,-20,-20,-20,-20,-4,-20,-20,-20,-20,-20,-20,-18,-2,-20,-20,-20,-20,-20,-20,-7,1,-20,-20,-20,-20,-20,-16,0,0,-15,-18,-20,-20,-20,-11,0,1,30

-0.633466,0.600048,0.482557,-0.291466,0.528401,-0.377297,0.560733,-0.231801,0.471369,-0.380594,0.561536,-0.146394,22.86,42.58,100888.05,99.0,0.01,3.91,644.3,1,1,1,1,4,5,5.684542,6,6,0.51,AA-99-80-85,80,-19,-20,-20,-20,-20,-20,-19,-12,-19,-20,-20,-20,-20,-20,-18,-4,-20,-20,-20,-20,-20,-20,-16,-2,-20,-20,-20,-20,-20,-20,-20,-3,-20,-20,-20,-20,-20,-20,-18,-1,-20,-20,-20,-20,-20,-20,-6,0,-20,-20,-20,-20,-20,-16,0,1,-15,-18,-20,-20,-20,-11,1,2,11

-0.633103,0.600670,0.482522,-0.291309,0.528216,-0.377482,0.560572,-0.232238,0.470698,-0.380581,0.561809,-0.148934,22.78,42.63,100888.05,99.0,0.01,3.91,644.3,2,6,8,9,7,14,16.887833,17,18,1.11,AA-99-80-85,81,-15,-16,-18,-16,-17,-13,1,2,-15,-18,-18,-19,-19,-12,2,3,-13,-19,-20,-20,-20,-11,2,3,1,-17,-20,-20,-20,-13,1,4,8,-11,-20,-20,-20,-8,2,4,9,-3,-16,-20,-20,-8,3,4,5,10,-5,-19,-19,-5,3,4,-9,-4,-12,-18,-17,-5,2,4,101

-0.633326,0.599448,0.482685,-0.291180,0.528780,-0.377305,0.560610,-0.231123,0.471150,-0.380956,0.561841,-0.145545,22.74,42.63,100889.04,99.0,0.01,3.91,644.3,2,5,7,8,10,16,18.299238,19,19,0.90,AA-99-80-85,82,-19,-18,-20,-19,-19,-14,0,2,-19,-20,-20,-20,-20,-12,2,3,-20,-20,-20,-20,-20,-13,2,3,-20,-20,-20,-20,-20,-13,1,3,-20,-20,-20,-20,-20,-9,3,3,-19,-20,-20,-20,-20,-8,2,4,-18,-20,-20,-20,-19,-7,3,3,-18,-20,-20,-20,-18,-5,4,4,23

-0.633397,0.598847,0.482920,-0.291178,0.528405,-0.377109,0.560792,-0.231773,0.470495,-0.379972,0.561889,-0.151063,22.71,42.82,100889.04,99.0,0.01,3.91,644.3,1,3,4,5,3,7,8.694359,9,9,1.13,AA-99-80-85,83,-18,-19,-20,-19,-19,-14,0,2,-19,-20,-20,-20,-20,-12,2,2,-19,-20,-20,-20,-20,-12,2,3,-20,-20,-20,-20,-20,-14,1,3,-19,-20,-20,-20,-20,-9,2,3,-19,-20,-20,-20,-20,-8,2,4,-19,-20,-20,-20,-19,-7,3,3,-18,-19,-19,-19,-18,-6,3,4,49

-0.633120,0.599869,0.482853,-0.291369,0.527542,-0.377247,0.560648,-0.232164,0.470216,-0.381064,0.561461,-0.148648,22.71,42.99,100889.04,100.0,0.01,3.91,644.3,2,4,5,6,8,12,14.110280,14,15,1.03,AA-99-80-85,84,-19,-19,-19,-20,-19,-15,0,1,-19,-19,-20,-20,-20,-13,2,3,-20,-20,-20,-20,-20,-13,1,3,-20,-20,-20,-20,-20,-13,1,3,-20,-20,-20,-20,-20,-9,2,3,-19,-20,-20,-20,-20,-9,2,4,-18,-20,-20,-20,-20,-6,2,3,-18,-19,-20,-19,-18,-6,3,3,116

-0.633209,0.598364,0.482375,-0.291498,0.527500,-0.377231,0.560420,-0.231143,0.471087,-0.381542,0.561150,-0.131409,22.66,42.99,100889.11,99.0,0.01,3.91,644.3,1,2,3,3,6,9,9.747701,10,10,0.84,AA-99-80-85,85,-18,-19,-20,-19,-19,-15,0,1,-20,-20,-20,-20,-20,-12,1,2,-20,-20,-20,-20,-20,-13,2,2,-20,-20,-20,-20,-20,-15,0,3,-20,-20,-20,-20,-20,-9,2,3,-19,-20,-20,-20,-20,-9,2,3,-19,-20,-20,-20,-20,-7,2,3,-19,-20,-20,-20,-18,-6,2,3,155

-0.633237,0.598849,0.482320,-0.291391,0.527291,-0.377520,0.560612,-0.231661,0.470141,-0.380366,0.560948,-0.154287,22.63,43.12,100889.11,99.0,0.01,3.91,644.3,2,7,11,13,2,11,15.315875,16,16,1.22,AA-99-80-85,86,-19,-19,-20,-20,-19,-15,0,1,-19,-20,-20,-20,-20,-13,1,2,-20,-20,-20,-20,-20,-13,1,2,-20,-20,-20,-20,-20,-14,0,3,-20,-20,-20,-20,-20,-9,2,3,-20,-20,-20,-20,-20,-9,3,3,-20,-20,-20,-20,-20,-6,2,3,-18,-20,-20,-20,-19,-7,2,3,117

-0.633032,0.599273,0.482377,-0.291625,0.527552,-0.377164,0.560261,-0.232971,0.470973,-0.381036,0.560820,-0.130991,22.57,43.12,100884.17,99.0,0.01,3.91,644.3,1,3,4,4,5,8,9.407687,10,10,0.99,AA-99-80-85,87,-18,-19,-20,-19,-19,-15,0,1,-19,-20,-20,-20,-20,-12,1,2,-20,-20,-20,-20,-20,-12,2,3,-20,-20,-20,-20,-20,-14,1,3,-20,-20,-20,-20,-20,-9,2,3,-19,-20,-20,-20,-20,-9,2,3,-20,-20,-20,-20,-20,-6,2,3,-19,-19,-20,-20,-19,-6,3,3,117

-0.632918,0.597780,0.482971,-0.291779,0.527786,-0.376933,0.560375,-0.233128,0.471625,-0.381193,0.560835,-0.140783,22.53,43.12,100884.17,99.0,0.01,3.91,644.3,1,4,7,8,0,4,7.304495,8,8,1.50,AA-99-80-85,88,-18,-18,-20,-19,-19,-15,0,1,-19,-20,-20,-20,-20,-13,2,3,-20,-20,-20,-20,-20,-12,2,3,-20,-20,-20,-20,-20,-14,1,3,-20,-20,-20,-20,-20,-9,2,4,-19,-20,-20,-20,-20,-8,3,4,-18,-20,-20,-20,-20,-6,3,3,-19,-20,-20,-20,-19,-6,3,3,20

-0.633033,0.599281,0.482649,-0.291832,0.527936,-0.377014,0.560381,-0.232820,0.470816,-0.380046,0.561227,-0.140831,22.49,43.21,100887.02,99.0,0.01,3.91,644.3,1,6,10,11,0,7,11.081270,12,12,1.45,AA-99-80-85,89,-18,-19,-19,-19,-19,-15,0,1,-19,-20,-20,-20,-20,-13,1,2,-20,-20,-20,-20,-20,-12,2,3,-20,-20,-20,-20,-20,-14,1,3,-19,-20,-20,-20,-20,-10,2,3,-20,-20,-20,-20,-20,-9,2,4,-19,-20,-20,-20,-20,-7,2,3,-17,-20,-20,-20,-18,-6,3,4,148

-0.632670,0.598687,0.482600,-0.291887,0.527539,-0.376882,0.560277,-0.230631,0.470580,-0.379808,0.561397,-0.136751,22.49,43.21,100884.17,100.0,0.01,3.91,644.3,1,2,3,3,1,3,4.101103,4,4,1.14,AA-99-80-85,90,-18,-19,-19,-19,-18,-15,0,1,-19,-20,-20,-20,-20,-12,2,3,-20,-20,-20,-20,-20,-12,2,2,-20,-20,-20,-20,-20,-14,1,4,-20,-20,-20,-20,-20,-9,3,3,-19,-20,-20,-20,-20,-9,2,4,-19,-20,-20,-20,-20,-6,2,3,-17,-20,-20,-20,-18,-7,2,4,233

-0.632466,0.599171,0.482527,-0.292220,0.528327,-0.376493,0.559973,-0.232345,0.471604,-0.380950,0.560558,-0.135202,22.46,43.21,100886.30,100.0,0.01,3.91,644.3,1,1,1,2,3,4,4.899721,5,5,0.89,AA-99-80-85,91,-18,-19,-19,-19,-18,-15,0,1,-19,-19,-20,-20,-20,-13,1,2,-20,-20,-20,-20,-20,-13,2,2,-20,-20,-20,-20,-20,-14,1,3,-19,-20,-20,-20,-20,-9,2,3,-20,-20,-20,-20,-20,-9,2,4,-18,-20,-20,-20,-20,-7,2,3,-19,-18,-20,-20,-19,-5,2,4,4

-0.632353,0.597766,0.482510,-0.291903,0.527634,-0.376705,0.560294,-0.232420,0.472052,-0.380856,0.560955,-0.146186,22.45,43.22,100887.02,99.0,0.01,3.91,644.3,1,5,8,10,0,2,5.632015,6,6,1.63,AA-99-80-85,92,-18,-18,-20,-19,-19,-15,0,1,-19,-20,-20,-20,-20,-13,1,2,-20,-20,-20,-20,-20,-13,1,2,-20,-20,-20,-20,-20,-14,1,3,-20,-20,-20,-20,-20,-9,2,4,-19,-20,-20,-20,-20,-9,2,3,-19,-20,-20,-20,-20,-7,2,3,-17,-19,-19,-20,-19,-6,3,3,71

-0.632444,0.597972,0.482648,-0.291750,0.527323,-0.376635,0.559952,-0.232894,0.472761,-0.382237,0.560393,-0.142884,22.38,43.61,100889.74,99.0,0.01,3.91,644.3,4,10,14,16,18,30,34.938229,36,36,0.97,AA-99-80-85,93,-18,-19,-20,-19,-19,-16,0,1,-19,-20,-20,-20,-20,-13,1,2,-20,-20,-20,-20,-20,-13,2,3,-20,-20,-20,-20,-20,-14,1,4,-19,-20,-20,-20,-20,-10,2,3,-19,-20,-20,-20,-20,-9,2,3,-19,-20,-20,-20,-20,-7,2,3,-19,-20,-20,-20,-19,-6,3,3,248

-0.632189,0.599371,0.482467,-0.291875,0.527982,-0.376733,0.559930,-0.231313,0.472541,-0.381447,0.560718,-0.147866,22.35,43.66,100889.74,100.0,0.01,3.91,644.3,2,6,9,11,7,14,17.692516,18,18,1.01,AA-99-80-85,94,-19,-19,-20,-18,-20,-14,0,2,-19,-20,-20,-20,-20,-13,1,2,-20,-20,-20,-20,-20,-13,2,2,-20,-20,-20,-20,-20,-14,0,3,-20,-20,-20,-20,-20,-9,2,3,-18,-20,-20,-20,-20,-9,2,3,-18,-20,-20,-20,-20,-7,2,3,-17,-19,-20,-20,-19,-6,3,3,91

