-0.628250,0.597427,0.479954,-0.291757,0.525113,-0.374163,0.558066,-0.231123,0.468160,-0.377617,0.554980,-0.133746,21.29,46.02,100754.84,99.0,0.01,3.91,644.3,2,5,7,8,7,12,14.721040,15,15,0.99,AA-99-80-85,142,8,3,6,9,7,7,7,6,11,-2,-1,5,7,7,7,6,13,3,-2,1,5,6,7,6,11,8,-2,-7,0,5,6,6,12,11,1,-6,-8,0,5,6,12,13,15,1,-7,-8,0,5,2,-5,9,4,0,-7,-7,1,-9,-11,-10,-6,0,0,0,-2,238

-0.628098,0.595013,0.479911,-0.291633,0.523559,-0.374120,0.557855,-0.231653,0.467063,-0.377262,0.554398,-0.134894,21.26,46.09,100754.84,99.0,0.01,3.91,644.3,5,11,16,19,20,34,39.635208,41,41,1.04,AA-99-80-85,143,8,8,14,13,0,3,-2,5,7,7,16,15,1,2,5,10,7,5,10,12,3,1,9,9,6,3,9,11,1,0,8,9,6,3,-3,-5,-5,-4,2,6,6,4,0,-15,-18,-19,-17,-14,6,4,-5,-19,-19,-20,-18,-15,5,3,-3,-18,-19,-19,-17,-15,241

-0.628292,0.595848,0.479866,-0.290861,0.524499,-0.373932,0.558049,-0.231135,0.467384,-0.377245,0.554102,-0.139109,21.26,46.11,100749.55,99.0,0.01,3.91,644.3,2,6,10,11,5,13,16.483656,17,17,1.26,AA-99-80-85,144,-18,-13,7,3,-18,-19,-16,-15,-17,-17,-4,-4,-16,-18,-6,-4,-6,-1,0,0,0,-2,-1,-4,0,1,2,1,1,2,1,0,2,1,1,1,1,1,1,-4,1,0,0,1,1,1,1,1,0,-1,0,1,2,1,2,1,-3,0,0,1,1,2,2,1,50

-0.628009,0.595373,0.479568,-0.291273,0.524591,-0.374196,0.558056,-0.232002,0.467454,-0.377772,0.554905,-0.141113,21.26,46.11,100754.94,100.0,0.01,3.91,644.3,4,12,18,22,5,19,26.868315,28,29,1.25,AA-99-80-85,145,-20,-20,-9,0,-14,-20,-20,-20,-20,-20,-20,-20,-20,-20,-20,-20,-20,-20,-20,-20,-20,-20,-20,-20,-20,-20,-20,-20,-20,-20,-20,-20,-20,-20,-20,-20,-20,-20,-20,-20,-20,-20,-20,-20,-20,-20,-20,-20,-20,-20,-20,-20,-20,-20,-20,-12,-20,-20,-20,-20,-20,-20,-5,-3,90

-0.627766,0.596584,0.479721,-0.290935,0.523998,-0.373812,0.558120,-0.231409,0.467163,-0.376955,0.553807,-0.139271,21.24,46.42,100754.94,99.0,0.01,3.91,644.3,4,7,9,10,23,32,34.048519,35,35,0.86,AA-99-80-85,146,-20,-20,-20,-8,-5,-19,-20,-20,-20,-20,-20,-20,-20,-20,-20,-15,-20,-20,-20,-20,-20,-20,-16,-3,-20,-20,-20,-20,-20,-20,-12,-1,-20,-20,-20,-20,-20,-20,-12,-2,-20,-20,-20,-20,-20,-20,-20,-3,-20,-20,-20,-20,-20,-20,-17,-3,-19,-20,-20,-20,-20,-20,-17,-3,97

-0.627605,0.594689,0.479359,-0.291088,0.523887,-0.373777,0.557904,-0.230841,0.466798,-0.376332,0.554083,-0.137353,21.23,46.62,100800.75,100.0,0.01,3.91,644.3,1,1,1,1,4,5,5.245748,5,5,0.67,AA-99-80-85,147,-7,-11,-20,-20,-20,-20,-15,-2,-20,-20,-20,-20,-20,-6,-1,0,-20,-20,-20,-20,-18,-1,1,0,-20,-20,-20,-20,-12,-1,0,1,-20,-13,-4,-1,-5,-2,1,1,-3,0,0,0,0,0,0,0,-2,-2,0,1,0,0,1,0,-1,0,0,1,1,1,1,0,242

-0.627341,0.594147,0.479109,-0.290905,0.523503,-0.373922,0.557630,-0.229679,0.466476,-0.376327,0.554208,-0.138670,21.19,46.65,100836.67,99.0,0.01,3.91,644.3,1,3,4,5,5,9,10.271132,11,11,0.91,AA-99-80-85,148,3,4,12,13,4,2,2,1,1,1,8,9,1,1,0,1,1,0,-1,0,-7,-4,2,3,0,0,-5,-3,-10,-1,2,4,0,-3,-9,-12,-20,-1,3,4,-1,-13,-20,-20,-20,-1,3,4,-3,-7,-14,-18,-20,-1,2,3,-5,-5,-14,-20,-20,1,3,3,105

-0.627572,0.596275,0.479028,-0.290554,0.523745,-0.373585,0.557594,-0.230466,0.469024,-0.378712,0.554319,-0.129933,21.13,46.68,100887.91,99.0,0.01,3.91,644.3,3,3,4,4,16,20,20.665262,21,21,0.59,AA-99-80-85,149,-20,-5,9,8,2,3,3,2,-20,-14,0,-6,0,2,3,2,-20,-20,-20,-20,-5,1,2,3,-20,-20,-20,-20,-16,0,1,2,-20,-20,-20,-20,-20,-20,-14,-8,-20,-20,-20,-20,-20,-20,-20,-20,-20,-20,-20,-20,-20,-20,-20,-20,-20,-20,-20,-20,-20,-20,-20,-20,29

-0.627288,0.594609,0.478995,-0.290057,0.522943,-0.373937,0.557602,-0.230614,0.468593,-0.377972,0.554159,-0.123487,21.13,46.89,100887.91,99.0,0.01,3.91,644.3,3,3,3,3,18,21,21.291273,21,21,0.58,AA-99-80-85,150,-20,-20,-15,1,-11,-20,-20,-20,-20,-20,-20,-20,-20,-20,-20,-20,-20,20,-20,-20,-20,-20,-20,-20,-20,-20,-20,-20,-20,-20,-20,-20,-20,-20,-20,-20,-20,-20,-20,-20,-20,-20,-20,-20,-20,-20,-20,-20,-7,-20,-20,-20,-20,-20,-20,-20,-1,-9,-20,-20,-20,-20,-19,-15,178

-0.627187,0.594873,0.478772,-0.290077,0.523527,-0.373570,0.557157,-0.230725,0.469416,-0.377873,0.553959,-0.137257,21.12,46.83,100887.91,99.0,0.01,3.91,644.3,1,3,5,6,2,6,8.046742,8,8,1.13,AA-99-80-85,151,-20,-20,-20,-20,-20,-7,0,2,-20,-20,-20,-20,-20,-18,-1,1,-20,-20,-20,-20,-20,-19,-14,1,-20,-20,-20,-20,-20,-20,-10,2,-20,-20,-20,-20,-20,-16,2,2,-20,-20,-20,-20,-20,-10,2,3,-20,-20,-20,-20,-17,-2,3,2,-20,-20,-17,-14,-7,1,3,3,96

-0.627237,0.595652,0.479060,-0.289591,0.523458,-0.373295,0.557582,-0.231455,0.469579,-0.378540,0.553520,-0.134764,21.10,46.89,100887.91,99.0,0.01,3.91,644.3,1,2,2,3,5,7,7.469112,8,8,0.99,AA-99-80-85,152,-1,-2,-3,4,0,-18,-19,-19,-18,-20,-20,-2,-1,-19,-20,-20,-20,-20,-20,-20,-20,-20,-20,-20,-20,-20,-20,-20,-20,-20,-20,-20,-20,-20,-20,-20,-20,-20,-20,-20,-20,-20,-20,-20,-20,-20,-20,-20,-20,-20,-20,-20,-20,-20,-20,-20,-20,-20,-20,-20,-20,-20,-20,-20,15

-0.626929,0.597194,0.478470,-0.289535,0.523585,-0.373434,0.557392,-0.229410,0.469665,-0.377762,0.553053,-0.125316,21.01,46.89,100854.12,99.0,0.01,391,644.3,1,5,7,8,1,7,9.793865,10,10,1.25,AA-99-80-85,153,-1,-3,-5,-18,-19,-1,4,0,-18,-20,-20,-20,-20,-5,-3,-17,-20,-20,-20,-20,-20,-20,-20,-20,-20,-20,-20,-20,-20,-20,-20,-20,-20,-20,-20,-20,-20,-20,-20,-20,-20,-20,-20,-20,-20,-20,-20,-20,-20,-20,-20,-20,-20,-20,-20,-20,-20,-20,-20,-20,-20,-20,-20,-20,35

-0.627347,0.595312,0.478446,-0.289880,0.522968,-0.373448,0.557177,-0.229348,0.469904,-0.378099,0.553348,-0.116680,20.98,46.96,100851.34,100.0,0.01,3.91,644.3,5,9,12,13,22,32,35.699173,36,37,0.96,AA-99-80-85,154,-1,-3,-6,-19,-20,-20,-20,-20,-17,-20,-20,-20,-20,-20,-20,-20,-20,-20,-20,-20,-20,-20,-20,-20,-20,-20,-20,-20,-20,-20,-20,-20,-20,-20,-20,-20,-20,-20,-20,-20,-20,-20,-20,-20,-20,-20,-20,-20,-20,-20,-20,-20,-20,-20,-20,-20,-20,-20,-20,-20,-20,-20,-20,-20,169

-0.626872,0.596211,0.478418,-0.289349,0.523304,-0.373429,0.557324,-0.230705,0.468870,-0.376891,0.553071,-0.124853,20.95,47.00,100846.13,99.0,0.01,3.91,644.3,2,5,7,8,3,9,11.627963,12,12,1.22,AA-99-80-85,155,-1,-3,-6,-20,-20,-20,-20,-20,-17,-20,-20,-20,-20,-20,-20,-20,-20,-20,-20,-20,-20,-20,-20,-20,-20,-20,-20,-20,-20,-20,-20,-20,-20,-20,-20,-20,-20,-20,-20,-20,-20,-20,-20,-20,-20,-20,-20,-20,-20,-20,-20,-20,-20,-20,-20,-20,-20,-20,-20,-20,-20,-20,-20,-20,221

-0.627052,0.596231,0.478341,-0.289315,0.523267,-0.373395,0.557232,-0.231115,0.467746,-0.376796,0.553052,-0.128902,20.95,47.05,100842.43,99.0,0.01,3.91,644.3,3,12,20,23,2,17,25.261772,27,27,1.53,AA-99-80-85,156,0,-3,-6,-20,-20,-20,-20,-20,-16,-20,-20,-20,-20,-20,-20,-20,-20,-20,-20,-20,-20,-20,-20,-20,-20,-20,-20,-20,-20,-20,-20,-20,-20,-20,-20,-20,-20